Tm,F3,FC5,AF3,F7,T7,P7,O1,O2,P8,T8,F8,AF4,FC6,F4
1386938.2846355438,4261.3335,4219.606,4171.6973,4412.788,4299.4546,4481.303,4399.909,4312.333,4478.2124,3763.1821,4433.394,4235.5757,4234.0303,4136.152
1386946.1524486542,4255.152,4219.606,4169.1216,4414.3335,4306.1514,4476.667,4400.9395,4311.8184,4471.515,3759.5757,4438.5454,4235.5757,4241.2427,4135.6367
1386954.2672634125,4260.818,4219.606,4171.6973,4417.4243,4313.879,4485.4243,4402.4854,4314.909,4482.3335,3767.3032,4444.2124,4236.6064,4247.4243,4134.606
1386962.0974063873,4269.5757,4221.6665,4183.0303,4426.182,4314.3936,4493.152,4398.3643,4321.6064,4497.788,3786.879,4455.0303,4252.5757,4258.7573,4144.3945
1386969.5644378662,4269.0605,4222.1816,4189.2124,4427.2124,4312.8486,4491.6064,4391.1514,4324.182,4501.3945,3799.2424,4465.8486,4271.636,4267.0,4158.819
1386977.117061615,4274.7275,4228.364,4195.394,4426.6973,4313.879,4490.576,4391.1514,4327.2725,4506.031,3802.8486,4477.6973,4281.4243,4272.667,4169.636
1386986.3641262054,4286.5757,4237.1216,4204.152,4432.879,4314.909,4499.3335,4395.788,4340.1514,4516.334,3804.9092,4484.909,4285.031,4282.97,4175.8184
1386993.109703064,4286.0605,4237.636,4207.758,4437.0005,4315.425,4509.121,4395.788,4347.879,4516.8486,3807.485,4483.364,4282.4546,4286.0605,4177.364
1387001.577615738,4286.0605,4234.5454,4205.1816,4433.394,4313.364,4509.121,4388.061,4346.8486,4512.2124,3803.879,4475.1216,4275.242,4275.242,4170.1514
1387009.1488361359,4286.5757,4234.0303,4196.424,4427.2124,4309.758,4507.0605,4385.485,4343.2427,4507.576,3794.6062,4465.3335,4269.5757,4270.0913,4161.394
1387017.1797275543,4275.758,4227.8486,4179.9395,4417.9395,4307.182,4512.727,4396.8184,4338.6064,4497.788,3783.788,4454.0005,4258.7573,4266.485,4154.182
1387025.1717567444,4264.9395,4221.1514,4169.1216,4408.667,4305.6367,4523.0303,4406.091,4333.9697,4489.546,3771.9395,4439.576,4240.2124,4252.5757,4142.3335
1387032.0808887482,4267.0,4222.1816,4171.182,4406.6064,4307.182,4527.667,4403.0,4323.1514,4483.364,3765.7578,4429.273,4231.9697,4245.879,4135.6367
1387040.1480197906,4270.6064,4223.7275,4172.7275,4408.152,4306.667,4528.6973,4401.9697,4312.8486,4477.6973,3762.667,4428.2427,4235.0605,4242.788,4135.6367
1387048.129081726,4265.4546,4220.6367,4168.091,4408.152,4302.0303,4528.182,4403.0,4307.182,4475.1216,3757.0002,4427.2124,4233.515,4234.0303,4129.9697
1387056.1199188232,4261.3335,4217.5454,4165.515,4407.6367,4300.485,4528.182,4401.9697,4302.546,4477.182,3760.091,4428.758,4233.0,4237.1216,4128.9395
1387065.1407241821,4270.6064,4222.6973,4180.4546,4418.4546,4301.515,4531.788,4401.4546,4301.515,4485.9395,3779.667,4451.4243,4253.0913,4256.697,4148.0005
1387072.1328258514,4287.606,4233.515,4205.1816,4433.394,4303.061,4527.667,4395.788,4310.788,4498.8184,3798.2122,4480.788,4281.9395,4275.242,4170.667
1387080.1615715027,4294.303,4234.5454,4212.3945,4437.5156,4304.091,4517.364,4384.9697,4322.636,4508.606,3806.97,4487.4854,4292.758,4284.0,4177.364
1387088.1547927856,4288.636,4225.788,4207.758,4434.4243,4304.091,4519.4243,4381.8794,4328.8184,4512.2124,3812.6365,4483.364,4289.152,4287.0913,4175.303
1387096.1396694183,4285.031,4220.6367,4205.6973,4428.758,4301.0,4529.2124,4389.606,4339.121,4511.1816,3811.6062,4480.273,4283.485,4283.485,4175.303
1387103.1458377838,4282.97,4219.606,4197.97,4419.485,4297.394,4527.152,4397.3335,4348.909,4511.1816,3804.9092,4471.0005,4277.303,4275.758,4173.2427
1387111.1567020416,4277.303,4218.0605,4186.121,4411.2427,4294.8184,4525.606,4401.9697,4350.4546,4512.2124,3798.7273,4462.2427,4269.5757,4268.546,4163.9697
1387119.3687915802,4276.788,4219.091,4187.152,4408.152,4293.788,4531.273,4405.5757,4347.879,4504.485,3791.0002,4463.788,4267.0,4268.031,4158.819
1387127.1550655365,4277.8184,4219.606,4190.758,4409.6973,4296.364,4529.7275,4401.4546,4341.6973,4493.667,3784.303,4461.7275,4267.515,4269.0605,4164.485
1387136.7366313934,4272.667,4219.091,4183.546,4413.8184,4298.4243,4529.2124,4395.273,4327.2725,4486.4546,3781.2122,4452.9697,4257.7275,4260.303,4159.8486
1387143.1634426117,4268.031,4219.606,4174.273,4416.394,4298.9395,4537.9697,4394.758,4306.667,4476.667,3770.9092,4443.182,4246.394,4249.4854,4143.879
1387151.6425609589,4265.97,4221.1514,4171.182,4414.3335,4300.485,4542.0913,4396.8184,4293.788,4472.5454,3760.606,4434.94,4245.364,4245.879,4136.6665
1387159.0931415558,4269.5757,4222.1816,4176.8486,4414.8486,4304.091,4542.6064,4393.727,4292.758,4477.6973,3765.7578,4437.5156,4250.0,4248.4546,4141.8184
1387166.152715683,4275.758,4223.2124,4185.0913,4417.9395,4307.182,4544.667,4386.0005,4295.3335,4479.758,3772.9697,4447.819,4253.0913,4252.5757,4144.909
1387174.1881370544,4276.273,4228.364,4188.6973,4422.061,4309.758,4546.2124,4385.485,4300.485,4483.879,3773.4849,4454.0005,4253.6064,4253.0913,4145.94
1387182.0743083954,4272.667,4232.485,4188.1816,4424.1216,4310.2725,4544.667,4393.727,4311.8184,4493.152,3777.091,4453.485,4256.1816,4253.6064,4147.485
1387190.1681423187,4270.6064,4226.8184,4187.152,4421.031,4306.1514,4544.152,4400.425,4325.7275,4496.242,3781.7275,4449.364,4254.636,4259.273,4148.0005
1387198.1296539307,4271.121,4219.606,4186.121,4415.879,4300.485,4544.152,4405.0605,4342.2124,4502.4243,3787.9092,4452.9697,4255.667,4268.031,4150.576
1387206.0968875885,4276.273,4226.303,4185.6064,4415.879,4299.4546,4543.636,4411.758,4359.2124,4513.2427,3795.6365,4462.2427,4265.4546,4270.6064,4163.4546
1387214.0698432922,4282.4546,4236.091,4186.6367,4417.4243,4301.515,4544.667,4419.485,4362.303,4515.303,3797.697,4460.182,4270.6064,4270.6064,4173.2427
1387222.12100029,4282.4546,4234.0303,4189.2124,4415.879,4301.0,4544.667,4418.4546,4350.4546,4507.576,3790.485,4450.909,4260.303,4269.5757,4167.061
1387230.0944328308,4281.4243,4229.909,4187.667,4415.879,4299.9697,4546.2124,4412.788,4336.546,4495.2124,3779.667,4444.727,4243.818,4257.7275,4154.6973
1387237.1344566345,4283.485,4231.9697,4178.394,4415.364,4299.9697,4545.697,4409.182,4328.8184,4490.0605,3772.4546,4438.5454,4238.152,4250.0,4146.9697
1387245.1920509338,4276.273,4233.0,4170.1514,4408.152,4301.0,4543.636,4405.5757,4322.1216,4491.0913,3770.9092,4432.879,4236.091,4250.0,4141.8184
1387253.1361579895,4267.515,4228.364,4169.636,4406.6064,4301.0,4547.2427,4400.9395,4314.3936,4482.8486,3763.6973,4427.7275,4225.788,4238.667,4137.182
1387261.1451148987,4267.515,4230.9395,4170.667,4411.2427,4302.0303,4559.0913,4400.425,4313.364,4480.273,3760.091,4424.1216,4221.1514,4230.9395,4137.182
1387269.31142807,4269.0605,4233.0,4169.636,4410.7275,4304.091,4558.5757,4402.4854,4314.909,4494.1816,3770.9092,4430.303,4230.4243,4243.818,4139.758
1387277.146577835,4265.4546,4224.758,4169.636,4407.121,4303.061,4545.182,4395.788,4312.8486,4495.2124,3775.546,4432.364,4235.5757,4248.9697,4141.303
1387285.3446006775,4262.879,4223.7275,4171.182,4409.182,4299.9697,4546.2124,4393.212,4317.4854,4488.0,3768.3335,4423.0913,4230.9395,4237.1216,4140.273
1387293.7829494476,4264.9395,4230.9395,4172.2124,4410.7275,4302.546,4557.031,4406.6064,4329.8486,4492.6367,3767.8184,4422.576,4233.0,4234.5454,4144.909
1387307.4605464935,4265.4546,4232.485,4172.2124,4408.667,4307.182,4557.546,4415.364,4333.4546,4494.1816,3769.879,4430.8184,4238.667,4243.818,4155.212
1387308.2385063171,4265.97,4231.4546,4170.667,4410.2124,4311.8184,4558.0605,4410.7275,4336.546,4491.6064,3769.879,4433.394,4237.1216,4250.515,4157.273
1387316.3189888,4266.485,4235.0605,4171.182,4414.8486,4315.425,4563.7275,4407.121,4339.636,4496.242,3774.0,4437.0005,4236.6064,4252.0605,4154.182
1387324.138879776,4265.97,4233.0,4173.2427,4417.4243,4307.182,4561.667,4409.6973,4331.394,4496.242,3770.394,4439.576,4238.152,4250.0,4154.6973
1387332.0925235748,4267.0,4227.8486,4171.6973,4414.8486,4301.515,4559.6064,4410.7275,4324.697,4495.7275,3769.879,4438.031,4238.667,4248.9697,4155.727
1387340.1622772217,4268.031,4230.9395,4176.8486,4415.364,4307.6973,4562.182,4404.546,4325.212,4499.3335,3783.2727,4439.576,4238.152,4250.515,4154.6973
1387353.2047271729,4268.546,4235.5757,4185.6064,4419.485,4308.212,4558.5757,4398.879,4318.0005,4496.758,3788.4246,4441.6367,4238.152,4251.031,4154.182
1387356.1644554138,4270.0913,4233.0,4182.515,4418.9697,4301.0,4557.031,4399.394,4312.8486,4491.6064,3778.6367,4439.061,4239.182,4249.4854,4152.1216
1387364.156961441,4268.031,4224.758,4170.667,4409.6973,4299.4546,4560.636,4403.0,4319.546,4493.152,3769.3638,4429.273,4233.515,4242.788,4140.273
1387371.2425231934,4256.1816,4220.121,4161.394,4401.9697,4300.485,4559.0913,4400.9395,4322.636,4490.576,3764.2124,4415.879,4221.6665,4233.515,4128.4243
1387379.1029453278,4250.0,4225.273,4156.758,4404.0303,4297.909,4554.4546,4397.3335,4323.667,4485.4243,3764.2124,4416.909,4215.485,4233.515,4131.5156
1387387.196779251,4259.788,4233.515,4160.364,4410.7275,4299.4546,4556.0,4404.0303,4328.8184,4489.546,3769.3638,4429.273,4220.121,4244.3335,4140.7876
1387395.1511383057,4270.0913,4234.5454,4172.7275,4415.879,4302.0303,4559.0913,4415.364,4330.3643,4494.1816,3772.4546,4432.364,4228.879,4251.031,4149.0303
1387403.1205177307,4266.485,4231.4546,4174.273,4416.394,4302.0303,4560.121,4416.909,4330.879,4493.667,3768.8486,4428.2427,4233.515,4250.0,4152.1216
1387411.138534546,4255.667,4231.4546,4165.515,4414.3335,4301.0,4558.0605,4408.667,4329.3335,4488.5156,3763.6973,4429.273,4233.0,4248.4546,4146.9697
1387419.3031787872,4256.1816,4232.485,4167.061,4415.364,4299.9697,4556.515,4404.0303,4325.7275,4484.394,3764.7275,4431.8486,4233.515,4250.515,4148.0005
1387427.1626472473,4267.0,4234.0303,4174.788,4418.4546,4301.515,4559.6064,4410.2124,4326.7573,4489.031,3770.9092,4434.4243,4239.182,4254.121,4157.273
1387434.47971344,4271.121,4233.515,4174.273,4416.909,4302.546,4560.121,4413.8184,4330.3643,4495.7275,3771.9395,4435.97,4242.273,4254.121,4158.303
1387442.1572685242,4265.4546,4232.485,4175.303,4416.394,4299.9697,4560.636,4410.7275,4330.879,4493.667,3770.394,4433.9097,4239.697,4252.0605,4153.1514
1387450.2518177032,4268.031,4235.0605,4184.576,4423.0913,4300.485,4565.7886,4409.182,4335.0,4494.6973,3772.9697,4436.485,4239.182,4252.5757,4155.212
1387458.1773281097,4280.394,4237.636,4188.6973,4424.1216,4303.576,4566.303,4407.121,4340.667,4500.879,3774.0,4438.031,4239.697,4254.121,4155.727
1387466.1793708801,4279.879,4235.5757,4188.1816,4416.909,4302.0303,4561.667,4407.121,4338.6064,4501.9097,3773.4849,4434.4243,4237.636,4252.5757,4155.727
1387475.0134944916,4269.5757,4234.0303,4183.546,4414.8486,4301.0,4562.697,4407.6367,4335.515,4495.2124,3772.4546,4432.879,4236.6064,4251.031,4153.6665
1387482.1298122406,4266.485,4235.5757,4173.2427,4415.364,4301.0,4563.7275,4404.546,4331.394,4487.4854,3763.6973,4429.273,4231.9697,4248.9697,4144.3945
1387490.1642799377,4270.0913,4235.0605,4169.636,4410.7275,4297.909,4558.5757,4399.394,4323.1514,4483.364,3756.4849,4418.9697,4223.7275,4242.273,4139.758
1387497.1261024475,4269.0605,4233.0,4174.788,4406.091,4294.303,4556.0,4398.879,4318.0005,4478.7275,3754.9397,4413.8184,4219.091,4236.091,4138.727
1387506.3166618347,4267.0,4233.0,4172.7275,4405.5757,4293.273,4558.0605,4400.9395,4318.515,4474.0913,3750.3032,4412.788,4218.0605,4236.091,4132.031
1387513.163805008,4268.031,4235.5757,4170.1514,4407.121,4295.3335,4558.0605,4401.4546,4324.697,4483.879,3751.8489,4416.394,4223.7275,4243.818,4134.0913
1387521.2924480438,4269.0605,4237.1216,4175.8184,4410.7275,4298.4243,4560.121,4400.425,4326.2427,4491.6064,3764.7275,4427.2124,4237.1216,4253.0913,4148.0005
1387529.0985107422,4269.0605,4236.6064,4175.8184,4408.152,4297.909,4561.667,4399.909,4323.1514,4485.4243,3767.3032,4431.8486,4239.697,4252.5757,4148.5156
1387537.4369621277,4270.6064,4239.182,4176.3335,4409.182,4296.364,4560.121,4402.4854,4327.788,4486.4546,3759.5757,4423.0913,4234.0303,4247.9395,4143.879
1387545.372724533,4273.1816,4241.2427,4184.576,4415.879,4297.394,4558.5757,4404.546,4332.9395,4495.7275,3757.0002,4420.0,4237.1216,4249.4854,4152.6367
1387553.1823635101,4271.121,4238.152,4187.667,4414.8486,4298.9395,4559.6064,4402.4854,4331.394,4496.242,3759.0608,4427.7275,4241.2427,4253.6064,4158.819
1387561.1336231232,4273.697,4241.2427,4186.121,4411.758,4297.394,4560.121,4401.9697,4336.0303,4495.7275,3762.1519,4432.364,4240.7275,4253.6064,4155.727
1387568.4804916382,4282.4546,4250.0,4188.1816,4413.8184,4297.394,4559.0913,4405.5757,4346.3335,4501.9097,3771.9395,4431.8486,4244.3335,4255.152,4155.212
1387576.170682907,4285.5454,4251.031,4188.6973,4414.8486,4298.9395,4561.152,4409.182,4347.879,4502.9395,3779.667,4435.97,4247.9395,4257.2124,4158.303
1387584.6819877625,4280.9097,4246.394,4186.6367,4414.3335,4299.9697,4563.2124,4409.6973,4345.8184,4499.3335,3778.1213,4440.0913,4247.4243,4256.1816,4157.273
1387592.161655426,4279.364,4250.0,4188.6973,4417.4243,4297.909,4562.697,4407.6367,4341.1816,4497.273,3776.5762,4437.0005,4251.546,4256.697,4155.727
1387600.2299785614,4276.788,4260.818,4187.667,4414.8486,4295.8486,4561.667,4409.182,4334.4854,4497.273,3773.4849,4431.8486,4250.0,4256.697,4153.1514
1387608.1681251526,4271.121,4265.97,4186.121,4407.121,4297.394,4563.2124,4407.6367,4330.3643,4493.667,3765.7578,4432.879,4239.697,4253.0913,4150.576
1387616.1603927612,4268.546,4265.4546,4185.6064,4409.182,4298.9395,4560.121,4400.9395,4321.6064,4483.879,3761.6362,4431.8486,4235.0605,4250.0,4146.455
1387624.1517066956,4267.0,4265.4546,4179.9395,4413.8184,4298.4243,4559.0913,4399.909,4312.8486,4478.2124,3759.5757,4425.667,4237.1216,4252.0605,4142.848
1387631.1631202698,4270.6064,4267.0,4178.909,4414.3335,4298.4243,4567.849,4406.091,4317.4854,4479.2427,3759.0608,4425.152,4236.091,4251.031,4148.0005
1387639.3067836761,4278.849,4268.546,4185.0913,4413.8184,4298.9395,4569.9097,4410.2124,4326.2427,4486.97,3765.7578,4429.273,4234.5454,4249.4854,4154.6973
1387647.233247757,4284.515,4269.0605,4190.758,4417.4243,4298.4243,4560.636,4407.6367,4326.7573,4494.1816,3772.4546,4431.8486,4243.303,4258.7573,4156.758
1387660.1786613464,4284.0,4268.031,4191.788,4420.0,4298.4243,4557.546,4404.546,4329.8486,4495.2124,3774.0,4433.9097,4252.5757,4269.0605,4160.8794
1387663.0425453186,4283.485,4267.0,4191.273,4418.9697,4298.4243,4560.636,4407.6367,4340.667,4499.849,3775.546,4434.94,4252.0605,4266.485,4163.9697
1387676.1796474457,4282.97,4268.031,4189.2124,4416.394,4298.4243,4560.121,4412.788,4349.9395,4509.6367,3777.6064,4433.9097,4245.364,4261.8486,4158.819
1387679.1117191315,4281.9395,4268.031,4189.2124,4415.364,4298.4243,4559.6064,4413.8184,4349.9395,4507.0605,3778.6367,4433.9097,4239.182,4266.485,4157.788
1387687.817811966,4281.9395,4266.485,4191.273,4417.4243,4298.4243,4560.636,4408.667,4341.6973,4498.8184,3779.667,4435.97,4238.152,4266.485,4160.8794
1387695.561170578,4273.1816,4264.9395,4183.0303,4412.273,4298.4243,4561.152,4404.0303,4332.9395,4495.2124,3771.9395,4432.364,4236.091,4255.667,4150.061
1387703.1378746033,4265.4546,4265.4546,4171.6973,4406.6064,4298.4243,4562.697,4401.9697,4322.636,4484.909,3757.5151,4421.031,4231.9697,4245.364,4136.152
1387710.069656372,4267.0,4267.0,4171.182,4408.667,4298.4243,4560.636,4399.394,4309.758,4477.182,3752.8792,4413.303,4229.909,4243.303,4136.6665
1387718.4603214264,4267.0,4267.0,4173.758,4409.6973,4298.4243,4562.182,4393.212,4301.515,4479.2427,3756.4849,4414.3335,4231.4546,4244.8486,4138.2124
1387726.1593341827,4263.9097,4264.9395,4173.758,4408.152,4298.4243,4571.97,4388.5757,4302.546,4479.758,3759.5757,4420.0,4234.0303,4247.9395,4138.727
1387735.2228164673,4268.546,4263.9097,4178.394,4412.788,4298.4243,4576.0913,4392.697,4311.303,4482.3335,3761.6362,4423.6064,4236.091,4250.515,4145.4243
1387742.1352863312,4279.879,4266.485,4186.6367,4416.909,4298.4243,4571.97,4400.425,4322.1216,4491.6064,3770.9092,4432.364,4241.7573,4256.1816,4155.212
1387750.1208782196,4287.0913,4271.121,4195.394,4417.4243,4298.4243,4572.4854,4401.9697,4335.515,4501.9097,3784.8184,4447.819,4257.7275,4270.6064,4166.5454
1387758.1255435944,4287.0913,4270.6064,4200.5454,4418.9697,4298.4243,4577.121,4405.0605,4349.4243,4510.6665,3789.97,4455.0303,4269.5757,4277.8184,4173.758
1387766.1743164062,4286.0605,4267.0,4197.455,4417.9395,4298.4243,4577.636,4414.8486,4357.6665,4512.2124,3787.3938,4447.819,4260.303,4275.758,4173.758
1387773.1981277466,4288.121,4269.0605,4192.3027,4414.8486,4298.9395,4577.636,4421.031,4359.2124,4509.121,3788.9397,4446.273,4250.0,4275.242,4171.6973
1387781.2073230743,4280.394,4270.6064,4189.7275,4413.8184,4298.4243,4583.8184,4414.3335,4356.6367,4511.6973,3789.4548,4450.3945,4251.031,4272.152,4163.4546
1387789.2162799835,4264.9395,4266.485,4184.576,4414.3335,4297.394,4591.031,4408.152,4348.394,4510.6665,3782.2424,4440.606,4241.2427,4265.97,4149.0303
1387797.1949577332,4268.546,4265.4546,4182.515,4415.364,4296.364,4591.5454,4407.6367,4337.5757,4498.3027,3772.4546,4429.788,4230.9395,4264.9395,4147.485
1387805.9811592102,4279.879,4269.5757,4188.1816,4417.4243,4296.364,4590.0,4405.0605,4324.697,4494.1816,3769.879,4435.97,4241.2427,4267.0,4156.758
1387814.654827118,4273.1816,4270.0913,4189.2124,4415.879,4298.4243,4591.031,4399.394,4315.94,4494.6973,3772.9697,4440.606,4251.546,4267.0,4155.727
1387823.258638382,4271.121,4267.515,4187.667,4416.909,4294.303,4590.515,4393.727,4309.758,4484.909,3771.9395,4434.94,4248.4546,4263.394,4151.606
1387829.0622234344,4281.4243,4268.031,4188.6973,4417.4243,4288.121,4588.4546,4390.636,4302.0303,4478.7275,3764.7275,4432.364,4250.0,4254.636,4153.6665
1387837.3668193817,4276.273,4269.0605,4190.758,4412.273,4288.636,4590.0,4394.2427,4301.0,4481.303,3761.1213,4434.94,4248.4546,4248.4546,4152.6367
1387844.081401825,4267.0,4268.031,4186.121,4407.121,4288.121,4592.061,4400.425,4309.758,4481.303,3765.7578,4434.94,4239.697,4250.515,4144.909
1387858.565568924,4267.515,4265.97,4175.8184,4405.5757,4284.0,4590.515,4401.4546,4320.5757,4486.4546,3769.3638,4430.8184,4234.0303,4248.9697,4138.727
1387860.7971668243,4269.0605,4267.515,4174.788,4401.4546,4285.031,4588.4546,4403.0,4338.091,4502.4243,3772.4546,4428.2427,4234.0303,4246.909,4143.364
1387868.5927391052,4276.273,4268.546,4185.0913,4404.0303,4286.5757,4589.485,4410.2124,4357.152,4518.909,3786.879,4437.5156,4240.7275,4256.697,4155.212
1387876.1796951294,4286.0605,4268.031,4190.758,4414.8486,4285.031,4588.4546,4415.364,4360.758,4526.6367,3801.303,4451.4243,4252.0605,4271.636,4161.394
1387884.2678070068,4285.031,4273.1816,4187.667,4419.485,4291.2124,4587.4243,4410.2124,4350.9697,4517.879,3796.1516,4451.94,4254.636,4273.1816,4159.3335
1387892.1542167664,4283.485,4280.394,4191.788,4416.909,4298.4243,4588.4546,4402.4854,4338.091,4499.3335,3778.6367,4445.2427,4250.515,4264.4243,4156.2427
1387900.1083374023,4286.5757,4281.9395,4201.576,4421.031,4291.7275,4583.303,4396.3037,4325.212,4492.121,3775.546,4445.758,4252.0605,4263.9097,4157.788
1387907.1567058563,4285.031,4280.394,4205.1816,4424.6367,4288.121,4573.515,4388.061,4317.4854,4495.2124,3779.667,4449.8794,4256.1816,4270.6064,4158.303
1387915.1413440704,4284.0,4280.9097,4202.606,4421.031,4289.667,4571.97,4382.909,4312.333,4492.121,3771.4243,4447.819,4256.1816,4270.0913,4157.273
1387923.2017993927,4285.031,4279.364,4194.3633,4418.4546,4290.6973,4575.0605,4389.091,4308.212,4489.031,3762.667,4441.6367,4254.121,4266.485,4157.273
1387931.1501979828,4280.9097,4272.667,4188.1816,4418.4546,4291.2124,4582.273,4397.8486,4310.2725,4491.0913,3766.273,4434.94,4252.5757,4264.4243,4152.6367
1387939.157962799,4276.273,4268.031,4189.2124,4417.4243,4291.7275,4587.4243,4402.4854,4322.1216,4493.667,3770.394,4431.8486,4250.0,4265.4546,4146.455
1387947.0901489258,4271.636,4268.031,4183.546,4414.8486,4286.0605,4581.758,4403.515,4330.3643,4495.7275,3770.9092,4431.8486,4240.2124,4267.0,4143.879
1387955.4734230042,4267.0,4268.031,4171.6973,4411.758,4282.97,4575.0605,4399.909,4329.8486,4494.6973,3774.5151,4430.8184,4232.485,4268.546,4142.3335
1387963.1555080414,4272.667,4267.0,4174.788,4410.7275,4289.152,4583.303,4404.546,4332.425,4500.879,3777.6064,4431.8486,4234.5454,4269.5757,4146.9697
1387971.1706638336,4283.485,4269.0605,4186.6367,4414.3335,4295.3335,4592.576,4414.8486,4340.667,4509.6367,3775.546,4433.9097,4238.152,4269.0605,4156.758
1387978.140115738,4284.0,4270.6064,4187.152,4418.4546,4296.364,4588.97,4412.273,4337.0605,4505.5156,3773.4849,4435.455,4236.6064,4268.546,4153.1514
1387986.8381023407,4279.879,4269.0605,4184.576,4417.9395,4295.3335,4585.364,4401.9697,4324.182,4495.7275,3771.9395,4435.455,4236.091,4269.0605,4139.758
1388003.2031536102,4281.9395,4269.0605,4188.1816,4418.4546,4297.909,4588.4546,4400.9395,4313.879,4491.6064,3767.3032,4435.455,4241.7573,4267.0,4143.879
1388004.1239261627,4283.485,4269.0605,4191.788,4420.0,4298.4243,4585.364,4400.9395,4307.6973,4484.394,3760.606,4435.97,4248.9697,4264.4243,4154.182
1388010.1902484894,4279.879,4267.0,4190.758,4418.4546,4292.2427,4576.6064,4394.758,4305.1216,4476.667,3757.5151,4435.97,4253.0913,4263.9097,4149.5454
1388018.3279514313,4278.849,4265.4546,4189.2124,4417.4243,4291.7275,4577.636,4395.788,4310.788,4485.9395,3761.6362,4434.4243,4250.0,4264.9395,4142.3335
1388026.0891914368,4280.9097,4264.4243,4189.2124,4415.879,4295.8486,4588.97,4406.6064,4321.6064,4497.273,3762.1519,4431.8486,4240.7275,4265.97,4145.4243
1388034.2390537262,4282.4546,4263.9097,4184.0605,4409.6973,4297.394,4597.7275,4417.4243,4330.3643,4497.273,3761.6362,4430.8184,4234.5454,4267.515,4152.6367
1388042.165517807,4280.9097,4264.9395,4174.273,4405.0605,4296.879,4599.788,4419.485,4332.9395,4493.667,3767.8184,4431.8486,4236.091,4269.5757,4153.6665
1388049.1864681244,4280.9097,4266.485,4173.758,4407.121,4296.364,4596.182,4416.394,4338.091,4499.3335,3774.5151,4431.3335,4236.6064,4270.0913,4153.1514
1388057.1699142456,4282.97,4265.97,4177.879,4407.6367,4294.8184,4597.7275,4417.4243,4346.8486,4512.2124,3775.546,4431.3335,4234.5454,4269.5757,4155.727
1388065.0959014893,4281.4243,4264.9395,4171.6973,4406.091,4294.8184,4601.3335,4418.9697,4343.758,4512.727,3774.5151,4431.3335,4234.0303,4272.152,4156.758
1388073.1739997864,4279.879,4265.97,4168.606,4412.788,4296.879,4596.6973,4413.303,4332.425,4502.4243,3776.0608,4432.364,4233.515,4277.8184,4156.758
1388081.144809723,4284.0,4268.031,4181.485,4419.485,4296.364,4592.061,4407.121,4327.2725,4499.849,3776.5762,4433.394,4236.091,4276.788,4158.303
1388089.158296585,4286.0605,4268.546,4190.758,4416.909,4295.8486,4595.152,4405.0605,4318.515,4496.758,3770.9092,4430.303,4239.697,4267.515,4158.819
1388097.1593856812,4284.515,4268.031,4190.242,4415.364,4297.394,4594.6367,4401.9697,4305.6367,4482.3335,3760.606,4424.6367,4237.636,4263.9097,4156.2427
1388106.0082912445,4285.031,4268.031,4189.2124,4418.9697,4296.879,4592.061,4401.4546,4306.667,4480.273,3756.4849,4421.031,4235.5757,4264.4243,4155.212
1388112.1544837952,4287.0913,4264.9395,4188.1816,4414.3335,4293.788,4592.576,4409.6973,4320.5757,4492.121,3761.6362,4423.0913,4237.1216,4263.9097,4155.212
1388120.1615333557,4287.606,4264.4243,4188.1816,4411.758,4293.788,4592.061,4415.879,4331.394,4494.6973,3769.879,4430.303,4239.697,4271.121,4163.4546
1388128.1609535217,4286.0605,4265.97,4188.6973,4417.9395,4296.364,4592.061,4415.879,4341.1816,4495.2124,3774.5151,4434.4243,4237.636,4280.394,4169.1216
1388136.8703842163,4283.485,4264.4243,4186.6367,4415.364,4295.3335,4591.5454,4417.9395,4349.4243,4508.0913,3772.9697,4431.8486,4234.0303,4281.9395,4159.8486
1388145.1590061188,4282.97,4263.394,4183.546,4408.152,4293.273,4590.0,4417.9395,4350.4546,4510.6665,3775.0305,4431.8486,4234.5454,4282.4546,4158.303
1388152.4047851562,4284.515,4263.394,4185.0913,4412.788,4294.8184,4590.0,4411.758,4347.879,4504.485,3783.788,4435.97,4236.091,4285.5454,4169.1216
1388160.1572036743,4284.515,4262.364,4188.1816,4418.4546,4298.4243,4590.0,4409.6973,4347.879,4511.1816,3787.9092,4440.606,4236.6064,4286.0605,4168.606
1388176.1956214905,4283.485,4261.3335,4187.152,4416.394,4300.485,4591.5454,4408.667,4343.2427,4515.303,3787.9092,4447.819,4238.152,4284.0,4159.3335
1388177.120923996,4280.394,4263.394,4188.1816,4417.4243,4300.485,4592.576,4403.0,4328.303,4499.849,3783.788,4447.303,4238.667,4284.0,4156.758
1388183.1986904144,4279.364,4263.9097,4192.8184,4419.485,4299.4546,4590.515,4397.3335,4309.758,4486.97,3774.0,4436.485,4236.091,4280.9097,4154.6973
1388191.1661624908,4279.879,4258.7573,4193.3335,4418.9697,4297.909,4587.4243,4393.212,4298.9395,4485.4243,3767.8184,4438.031,4236.091,4275.242,4152.6367
1388199.1670131683,4278.3335,4254.636,4191.273,4420.0,4296.879,4587.4243,4391.6665,4301.0,4481.303,3770.394,4446.273,4241.2427,4275.758,4156.2427
1388207.2110176086,4278.849,4254.636,4192.8184,4418.9697,4298.4243,4586.394,4395.273,4309.2427,4480.788,3771.9395,4443.6973,4242.273,4280.9097,4159.3335
1388215.0921821594,4284.515,4254.636,4194.879,4417.9395,4298.9395,4585.879,4405.5757,4318.0005,4492.6367,3771.9395,4439.061,4238.152,4283.485,4158.819
1388223.1872081757,4286.0605,4252.0605,4190.242,4416.909,4296.364,4590.0,4415.879,4327.2725,4498.8184,3775.0305,4439.576,4235.5757,4283.485,4157.788
1388231.141090393,4283.485,4251.546,4185.6064,4410.2124,4294.8184,4592.061,4422.061,4337.0605,4495.7275,3778.6367,4440.606,4237.1216,4285.031,4160.8794
1388239.1502857208,4285.5454,4253.6064,4188.6973,4410.7275,4296.364,4590.0,4420.515,4342.2124,4500.879,3780.182,4444.2124,4239.182,4285.5454,4163.9697
1388247.1697330475,4287.0913,4255.152,4190.758,4418.4546,4297.909,4587.9395,4412.273,4336.546,4502.9395,3774.5151,4448.334,4237.1216,4282.97,4159.8486
1388254.1830539703,4286.0605,4255.152,4193.8486,4420.0,4298.4243,4584.849,4406.091,4324.182,4494.6973,3773.4849,4446.7876,4235.5757,4283.485,4156.2427
1388262.1486186981,4286.5757,4254.121,4201.576,4419.485,4299.9697,4579.182,4400.9395,4320.061,4495.2124,3784.303,4448.334,4243.818,4286.0605,4160.364
1388270.1451778412,4286.0605,4253.6064,4200.031,4420.515,4299.9697,4576.0913,4391.6665,4317.4854,4495.2124,3785.3333,4451.94,4250.515,4285.5454,4161.909
1388278.14412117,4281.9395,4253.0913,4190.242,4419.485,4296.879,4575.0605,4382.909,4303.576,4482.3335,3771.4243,4449.364,4247.4243,4282.4546,4156.758
1388286.6427898407,4278.849,4252.5757,4191.273,4419.485,4296.879,4573.515,4383.4243,4295.8486,4478.7275,3766.788,4447.819,4250.0,4281.9395,4154.182
1388294.137954712,4281.4243,4252.0605,4196.9395,4422.061,4299.9697,4572.4854,4383.94,4299.4546,4486.97,3771.9395,4447.819,4251.031,4282.97,4157.273
1388302.4337291718,4281.9395,4251.031,4191.788,4418.4546,4299.4546,4571.97,4381.8794,4297.909,4482.8486,3770.9092,4441.1216,4240.2124,4281.4243,4155.212
1388310.1615905762,4274.2124,4249.4854,4184.576,4411.2427,4296.879,4574.546,4390.1216,4296.879,4478.7275,3768.8486,4432.879,4230.9395,4279.364,4145.4243
1388319.5977210999,4267.0,4248.9697,4177.879,4408.152,4297.909,4577.121,4402.4854,4307.182,4489.546,3768.3335,4429.788,4224.758,4277.303,4139.2427
1388331.4049243927,4270.6064,4247.9395,4171.182,4408.152,4294.8184,4574.546,4409.182,4322.636,4498.8184,3769.3638,4428.758,4218.576,4277.303,4145.4243
1388339.448928833,4279.879,4245.879,4173.758,4407.121,4286.0605,4573.0,4412.788,4330.3643,4496.758,3771.4243,4428.758,4223.7275,4281.4243,4153.1514
1388341.0832881927,4285.031,4247.4243,4186.6367,4410.7275,4286.5757,4577.636,4417.9395,4332.9395,4495.7275,3770.394,4432.364,4238.667,4284.515,4157.788
1388349.0698337555,4294.8184,4251.546,4200.5454,4418.9697,4295.3335,4579.6973,4421.031,4333.9697,4497.788,3768.8486,4434.4243,4247.9395,4285.5454,4163.9697
1388357.2323322296,4300.485,4253.0913,4204.6665,4421.546,4300.485,4575.5757,4414.8486,4328.303,4493.152,3770.9092,4434.4243,4243.303,4285.031,4165.515
1388365.083694458,4288.121,4251.031,4200.5454,4418.9697,4298.4243,4574.031,4407.6367,4315.94,4488.0,3772.4546,4437.0005,4236.6064,4283.485,4158.303
1388377.03871727,4280.9097,4249.4854,4199.0,4418.4546,4296.879,4577.121,4406.6064,4310.788,4492.121,3772.4546,4438.5454,4242.273,4284.0,4155.727
1388386.2659931183,4292.758,4250.515,4203.6367,4418.4546,4297.909,4578.152,4406.091,4316.4546,4493.667,3774.0,4437.5156,4252.5757,4286.0605,4160.8794
1388388.1664276123,4295.8486,4252.5757,4205.1816,4418.9697,4299.4546,4575.0605,4402.4854,4313.364,4485.9395,3772.4546,4435.97,4251.031,4285.5454,4162.94
1388396.0666656494,4282.97,4251.031,4202.0913,4422.576,4298.9395,4573.515,4401.4546,4302.0303,4478.2124,3763.6973,4429.273,4247.4243,4280.9097,4156.758
1388404.12068367,4281.9395,4248.4546,4204.6665,4425.667,4297.909,4574.546,4401.4546,4301.515,4475.1216,3757.0002,4422.061,4249.4854,4279.879,4153.6665
1388412.071943283,4294.303,4254.636,4217.0303,4430.303,4304.091,4574.031,4403.515,4312.333,4480.788,3762.667,4426.6973,4252.5757,4283.485,4161.394
1388420.1805591583,4301.0,4264.4243,4230.9395,4438.5454,4313.879,4574.546,4412.273,4324.697,4492.6367,3766.788,4432.879,4259.273,4284.515,4171.6973
1388428.160905838,4301.515,4267.0,4238.667,4447.819,4316.4546,4577.636,4418.9697,4324.697,4491.0913,3759.0608,4428.2427,4266.485,4283.485,4172.2124
1388436.2952709198,4300.485,4265.4546,4241.2427,4449.364,4314.909,4579.182,4420.515,4320.061,4479.758,3752.8792,4422.061,4266.485,4282.4546,4163.4546
1388444.0851211548,4297.394,4265.97,4238.152,4442.6665,4317.4854,4576.6064,4417.4243,4315.425,4478.2124,3753.9094,4420.0,4260.303,4280.9097,4155.212
1388451.292514801,4295.8486,4267.515,4238.152,4441.1216,4319.0303,4574.031,4409.6973,4307.182,4479.2427,3752.8792,4423.0913,4260.818,4280.394,4159.8486
1388459.1660499573,4301.515,4268.546,4252.0605,4455.0303,4321.091,4573.0,4403.0,4299.9697,4472.0303,3752.3638,4429.273,4273.697,4282.97,4170.667
1388467.1840667725,4311.8184,4270.0913,4265.4546,4462.2427,4328.8184,4573.0,4401.9697,4297.909,4467.909,3753.394,4432.364,4282.97,4286.0605,4174.273
1388475.1267433167,4316.9697,4271.121,4264.9395,4452.9697,4332.425,4573.0,4402.4854,4300.485,4473.061,3751.3335,4429.788,4281.9395,4287.0913,4172.2124
1388483.1538200378,4316.9697,4269.5757,4263.9097,4445.758,4329.8486,4574.031,4406.6064,4306.1514,4479.758,3756.4849,4432.879,4280.9097,4291.7275,4172.2124
1388491.1606311798,4315.94,4266.485,4265.97,4449.8794,4328.8184,4577.121,4411.758,4311.303,4481.8184,3767.3032,4442.152,4284.515,4298.9395,4175.8184
1388499.1354942322,4319.0303,4267.515,4260.818,4450.909,4330.3643,4576.6064,4407.121,4310.788,4478.7275,3771.4243,4449.8794,4289.667,4302.0303,4185.6064
1388507.1392059326,4315.94,4264.9395,4252.5757,4440.606,4327.788,4573.0,4399.909,4314.909,4483.364,3772.9697,4453.485,4288.636,4300.485,4188.6973
1388514.6112442017,4305.6367,4254.636,4240.2124,4427.7275,4322.636,4574.031,4399.394,4323.667,4493.152,3775.546,4448.8486,4279.364,4301.515,4179.4243
1388522.1211910248,4297.394,4248.9697,4227.3335,4422.061,4319.546,4573.0,4402.4854,4325.7275,4499.3335,3775.0305,4437.5156,4270.0913,4299.9697,4168.606
1388539.160490036,4290.182,4249.4854,4218.576,4422.061,4319.546,4564.7573,4400.9395,4320.5757,4493.152,3770.9092,4431.3335,4261.8486,4289.667,4159.3335
1388547.1410751343,4283.485,4249.4854,4209.8184,4418.9697,4320.5757,4566.8184,4401.9697,4315.94,4483.364,3768.8486,4432.364,4252.0605,4282.97,4152.6367
1388549.1106510162,4281.4243,4247.9395,4202.606,4414.3335,4320.5757,4573.0,4406.6064,4316.9697,4488.5156,3768.3335,4427.2124,4247.4243,4283.485,4152.6367
1388559.2319965363,4280.394,4246.909,4199.5156,4414.3335,4321.6064,4568.364,4406.091,4315.425,4493.152,3769.3638,4421.546,4246.394,4282.97,4151.091
1388562.1027946472,4278.849,4246.909,4194.879,4414.8486,4324.182,4568.364,4401.9697,4306.1514,4483.879,3772.4546,4426.6973,4240.7275,4282.97,4143.364
1388574.2466449738,4279.364,4247.9395,4189.7275,4415.879,4323.1514,4574.031,4400.9395,4304.6064,4477.6973,3768.8486,4428.2427,4236.6064,4284.515,4141.8184
1388585.4325294495,4280.394,4247.4243,4189.7275,4415.879,4315.425,4566.303,4403.515,4310.788,4479.2427,3763.6973,4423.0913,4241.7573,4281.4243,4148.5156
1388586.121082306,4280.394,4246.909,4190.242,4415.364,4310.788,4556.515,4401.9697,4313.364,4483.879,3767.3032,4426.182,4247.9395,4287.0913,4153.6665
1388594.1278934479,4282.97,4250.515,4191.273,4414.8486,4315.425,4559.6064,4399.909,4311.303,4490.0605,3774.5151,4436.485,4254.636,4302.0303,4159.3335
1388601.5765666962,4282.97,4252.5757,4191.788,4416.394,4316.9697,4563.2124,4400.425,4305.1216,4487.4854,3771.9395,4435.455,4252.0605,4299.4546,4155.727
1388609.1101169586,4281.4243,4252.0605,4188.6973,4415.879,4315.425,4562.182,4400.9395,4302.546,4482.8486,3766.788,4428.2427,4237.1216,4289.152,4145.4243
1388617.2704696655,4282.97,4251.546,4188.1816,4410.2124,4312.8486,4560.636,4398.879,4310.2725,4493.667,3770.394,4429.788,4237.636,4293.788,4149.5454
1388625.759601593,4287.0913,4251.546,4192.8184,4407.6367,4314.3936,4565.273,4403.0,4315.94,4500.364,3774.0,4436.485,4256.1816,4302.546,4162.94
1388643.1057453156,4284.515,4253.6064,4192.3027,4409.182,4321.091,4575.5757,4410.2124,4315.94,4492.121,3770.9092,4434.94,4254.636,4296.879,4160.364
1388645.1501846313,4272.667,4252.0605,4179.4243,4405.5757,4323.667,4578.667,4410.7275,4308.212,4480.788,3760.606,4421.031,4234.0303,4285.5454,4142.3335
1388649.1465568542,4264.4243,4243.303,4169.1216,4399.909,4318.515,4574.546,4410.2124,4297.909,4477.182,3754.4243,4408.152,4228.879,4277.303,4132.031
1388657.1748256683,4264.9395,4236.6064,4170.667,4397.3335,4312.333,4575.5757,4415.364,4303.576,4487.4854,3763.1821,4413.303,4233.515,4276.788,4135.6367
1388665.104150772,4268.031,4242.788,4173.2427,4399.909,4310.2725,4573.515,4418.9697,4320.5757,4501.3945,3776.5762,4427.7275,4235.0605,4287.606,4145.94
1388683.226108551,4270.0913,4251.031,4174.788,4407.121,4312.333,4563.7275,4417.9395,4324.182,4501.9097,3785.8486,4437.0005,4241.7573,4297.909,4155.727
1388695.119380951,4269.5757,4251.546,4175.8184,4412.788,4316.4546,4564.2427,4416.909,4321.6064,4498.3027,3790.485,4438.031,4243.303,4292.2427,4154.182
1388703.164100647,4268.031,4249.4854,4171.182,4408.667,4315.94,4568.364,4414.3335,4323.667,4498.3027,3788.9397,4433.9097,4235.5757,4281.4243,4145.4243
1388706.1676979065,4269.0605,4250.0,4170.667,4408.667,4314.909,4561.667,4409.6973,4323.667,4498.8184,3785.3333,4432.879,4236.091,4281.9395,4144.909
1388706.9141864777,4271.636,4251.031,4175.303,4414.8486,4315.425,4561.152,4407.6367,4324.697,4499.3335,3785.8486,4437.0005,4239.697,4287.0913,4154.182
1388714.1315937042,4275.242,4249.4854,4172.7275,4412.788,4314.909,4572.4854,4407.121,4324.697,4498.3027,3786.879,4438.031,4238.667,4286.5757,4155.727
1388724.1945266724,4279.879,4250.515,4176.3335,4411.2427,4319.0303,4576.6064,4409.182,4320.5757,4496.758,3786.3635,4433.9097,4246.394,4286.5757,4155.727
1388728.1305789948,4281.9395,4254.121,4188.1816,4418.4546,4323.1514,4574.031,4410.2124,4317.4854,4497.273,3781.7275,4434.4243,4253.6064,4285.5454,4156.2427
1388737.263917923,4283.485,4254.121,4191.788,4421.031,4320.061,4574.546,4408.152,4311.303,4493.667,3773.4849,4435.97,4244.3335,4284.0,4150.061
1388744.1291809082,4283.485,4251.546,4186.121,4416.909,4315.94,4575.5757,4407.121,4303.061,4487.4854,3768.8486,4428.2427,4235.5757,4281.9395,4141.303
1388752.4480819702,4275.758,4251.546,4177.879,4413.8184,4314.3936,4571.4546,4410.7275,4298.9395,4481.8184,3762.1519,4417.4243,4233.515,4271.636,4137.6973
1388759.136915207,4273.1816,4253.6064,4173.758,4415.364,4314.3936,4566.8184,4415.879,4300.485,4478.7275,3751.3335,4415.879,4234.5454,4266.485,4139.2427
1388767.3871517181,4279.364,4253.6064,4176.3335,4415.879,4315.94,4569.394,4416.909,4301.0,4478.7275,3750.8186,4418.9697,4234.5454,4272.152,4140.7876
1388775.2857208252,4274.7275,4252.5757,4171.182,4411.2427,4314.909,4574.546,4416.394,4305.1216,4478.7275,3755.4546,4413.303,4224.2427,4271.636,4135.6367
1388783.2124233246,4264.9395,4251.546,4160.8794,4404.546,4311.303,4568.879,4416.909,4316.4546,4482.8486,3756.4849,4408.667,4217.5454,4270.0913,4132.031
1388791.1643981934,4268.031,4251.546,4162.4243,4406.6064,4311.303,4564.7573,4417.9395,4322.636,4491.6064,3763.6973,4414.8486,4222.6973,4279.879,4138.2124
1388799.1678714752,4269.0605,4251.546,4163.9697,4409.6973,4310.2725,4570.4243,4417.4243,4319.546,4493.667,3770.9092,4416.909,4221.6665,4286.0605,4140.7876
1388807.1529865265,4263.9097,4252.5757,4161.909,4407.121,4309.758,4571.97,4414.8486,4315.425,4490.576,3769.3638,4415.879,4221.1514,4281.4243,4138.2124
1388816.522359848,4269.5757,4254.636,4170.667,4407.6367,4313.879,4572.4854,4414.8486,4317.4854,4494.1816,3769.3638,4421.031,4235.0605,4282.4546,4140.273
1388823.1601715088,4275.242,4254.121,4175.303,4415.879,4313.879,4577.636,4413.8184,4316.9697,4494.6973,3769.879,4421.546,4239.697,4283.485,4141.8184
1388830.1396369934,4270.6064,4252.0605,4170.667,4418.4546,4309.2427,4575.0605,4407.6367,4306.667,4490.576,3763.1821,4415.879,4230.9395,4274.7275,4138.727
1388838.1819725037,4266.485,4252.5757,4172.7275,4412.273,4309.758,4574.031,4408.152,4301.0,4492.6367,3760.091,4413.303,4228.364,4268.031,4138.2124
1388846.7490673065,4267.0,4253.0913,4171.6973,4406.6064,4310.2725,4582.273,4416.909,4307.182,4495.7275,3763.6973,4410.7275,4223.7275,4269.0605,4138.2124
1388856.562614441,4267.515,4252.0605,4160.8794,4404.546,4303.576,4564.7573,4422.576,4314.909,4495.7275,3764.2124,4409.6973,4221.1514,4270.6064,4138.2124
1388863.7807369232,4262.364,4250.0,4155.727,4401.9697,4299.4546,4514.2734,4421.546,4314.3936,4493.667,3760.606,4407.121,4219.091,4268.546,4137.6973
1388870.4302310944,4257.7275,4247.4243,4155.727,4400.425,4301.515,4479.758,4417.9395,4312.333,4491.0913,3760.091,4403.0,4209.8184,4266.485,4136.152
1388878.10921669,4264.4243,4249.4854,4154.6973,4401.9697,4304.091,4471.515,4420.515,4320.061,4494.1816,3765.2427,4408.152,4210.334,4273.1816,4137.6973
1388886.1300945282,4270.6064,4252.5757,4158.819,4407.6367,4308.212,4465.3335,4429.788,4329.3335,4498.8184,3769.879,4416.394,4220.6367,4282.4546,4143.364
1388898.966550827,4268.031,4252.5757,4168.606,4413.8184,4311.8184,4459.1514,4426.6973,4326.2427,4494.6973,3768.3335,4416.909,4224.758,4284.515,4148.0005
1388902.182817459,4272.152,4252.0605,4172.7275,4414.8486,4312.333,4459.1514,4413.303,4321.6064,4493.152,3767.8184,4419.485,4232.485,4282.97,4154.182
1388910.6395244598,4278.3335,4253.6064,4172.2124,4416.909,4311.8184,4461.2124,4414.3335,4324.697,4499.3335,3771.9395,4423.0913,4239.697,4285.5454,4157.273
1388917.1967506409,4270.0913,4253.6064,4170.667,4415.364,4310.2725,4463.273,4420.0,4320.5757,4497.273,3768.8486,4416.909,4227.8486,4285.031,4146.455
1388925.1730442047,4270.6064,4252.0605,4169.1216,4410.7275,4308.212,4463.788,4416.394,4313.879,4491.0913,3761.1213,4413.303,4217.5454,4280.394,4142.848
1388933.111667633,4283.485,4253.6064,4172.7275,4411.758,4306.1514,4460.182,4417.9395,4315.94,4492.121,3760.606,4418.4546,4223.7275,4282.4546,4154.182
1388941.0994052887,4278.849,4254.636,4176.3335,4412.788,4302.0303,4460.6978,4425.667,4317.4854,4494.6973,3765.7578,4415.879,4223.7275,4284.0,4154.182
1388949.1500854492,4267.0,4251.546,4167.061,4404.0303,4299.4546,4474.0913,4425.152,4317.4854,4492.121,3760.091,4408.667,4218.576,4272.667,4139.758
